3 152 202 271
3 109 119 126
1 9
2 120 261
3 123 232 262
3 102 188 289
1 159
3 113 135 171
2 105 228
4 134 176 208 225
3 14 200 280
2 76 145
6 2 28 82 117 175 277
3 13 165 201
1 158
0
2 49 222
4 127 139 215 299
4 38 163 236 266
2 75 180
5 59 121 217 251 296
2 34 234
3 44 54 58
4 64 74 142 256
2 136 220
3 29 226 284
3 67 166 190
4 5 7 169 249
4 16 221 240 267
2 53 254
3 42 101 161
3 86 177 231
3 73 196 235
1 286
3 93 148 273
2 60 154
4 31 52 66 112
2 146 239
5 56 88 91 172 242
3 118 258 287
2 253 276
3 122 150 265
2 8 143
5 20 35 179 229 270
2 178 186
3 205 219 250
3 43 149 255
3 48 65 90
1 98
3 24 41 80
3 71 206 223
4 1 30 207 233
3 212 237 281
3 4 128 141
4 95 104 269 291
4 6 194 203 278
5 15 108 191 292 295
4 22 78 111 211
4 62 97 137 197
3 18 21 96
6 57 92 168 170 192 260
4 3 115 243 283
5 25 32 114 144 198
1 248
2 10 210
3 19 147 241
3 72 214 259
5 26 85 162 164 185
2 27 167
2 130 183
1 69
3 47 79 247
3 245 264 290
4 39 77 81 230
3 11 129 279
3 37 110 224
2 157 257
2 125 285
3 99 138 282
2 132 199
1 68
2 100 184
4 46 103 151 244
4 83 173 182 246
2 160 293
6 63 107 181 218 274 294
2 12 189
3 140 153 268
4 84 204 216 272
3 23 116 187
2 17 174
2 89 252
3 50 156 227
1 70
4 36 94 106 155
3 45 193 195
5 33 87 209 288 297
5 40 61 238 263 275
4 51 124 133 213
3 55 131 298
